1.12E+05
8.33E+04
7.48E+04
7.28E+04
7.22E+04
7.20E+04
7.19E+04
8.33E+04
5.44E+04
4.59E+04
4.39E+04
4.33E+04
4.31E+04
4.30E+04
7.48E+04
4.59E+04
3.75E+04
3.54E+04
3.48E+04
3.46E+04
3.46E+04
7.28E+04
4.39E+04
3.54E+04
3.34E+04
3.28E+04
3.26E+04
3.26E+04
7.22E+04
4.33E+04
3.48E+04
3.28E+04
3.21E+04
3.19E+04
3.19E+04
7.20E+04
4.31E+04
3.46E+04
3.26E+04
3.19E+04
3.18E+04
3.17E+04
7.19E+04
4.30E+04
3.46E+04
3.26E+04
3.19E+04
3.17E+04
3.17E+04
1.04E+05
7.48E+04
6.64E+04
6.44E+04
6.37E+04
6.35E+04
6.35E+04
7.48E+04
4.59E+04
3.75E+04
3.54E+04
3.48E+04
3.46E+04
3.46E+04
6.64E+04
3.75E+04
2.90E+04
2.70E+04
2.64E+04
2.62E+04
2.61E+04
6.44E+04
3.54E+04
2.70E+04
2.50E+04
2.43E+04
2.41E+04
2.41E+04
6.37E+04
3.48E+04
2.64E+04
2.43E+04
2.37E+04
2.35E+04
2.35E+04
6.35E+04
3.46E+04
2.62E+04
2.41E+04
2.35E+04
2.33E+04
2.33E+04
6.35E+04
3.46E+04
2.61E+04
2.41E+04
2.35E+04
2.33E+04
2.32E+04
1.01E+05
7.22E+04
6.37E+04
6.17E+04
6.10E+04
6.08E+04
6.08E+04
7.22E+04
4.33E+04
3.48E+04
3.28E+04
3.21E+04
3.19E+04
3.19E+04
6.37E+04
3.48E+04
2.64E+04
2.43E+04
2.37E+04
2.35E+04
2.35E+04
6.17E+04
3.28E+04
2.43E+04
2.23E+04
2.16E+04
2.15E+04
2.14E+04
6.10E+04
3.21E+04
2.37E+04
2.16E+04
2.10E+04
2.08E+04
2.08E+04
6.08E+04
3.19E+04
2.35E+04
2.15E+04
2.08E+04
2.06E+04
2.06E+04
6.08E+04
3.19E+04
2.35E+04
2.14E+04
2.08E+04
2.06E+04
2.06E+04
1.01E+05
7.20E+04
6.35E+04
6.15E+04
6.08E+04
6.07E+04
6.06E+04
7.20E+04
4.31E+04
3.46E+04
3.26E+04
3.19E+04
3.18E+04
3.17E+04
6.35E+04
3.46E+04
2.62E+04
2.41E+04
2.35E+04
2.33E+04
2.33E+04
6.15E+04
3.26E+04
2.41E+04
2.21E+04
2.15E+04
2.13E+04
2.12E+04
6.08E+04
3.19E+04
2.35E+04
2.15E+04
2.08E+04
2.06E+04
2.06E+04
6.07E+04
3.18E+04
2.33E+04
2.13E+04
2.06E+04
2.04E+04
2.04E+04
6.06E+04
3.17E+04
2.33E+04
2.12E+04
2.06E+04
2.04E+04
2.04E+04
1.41E+05
1.12E+05
1.04E+05
1.02E+05
1.01E+05
1.01E+05
1.01E+05
1.12E+05
8.33E+04
7.48E+04
7.28E+04
7.22E+04
7.20E+04
7.19E+04
1.04E+05
7.48E+04
6.64E+04
6.44E+04
6.37E+04
6.35E+04
6.35E+04
1.02E+05
7.28E+04
6.44E+04
6.23E+04
6.17E+04
6.15E+04
6.15E+04
1.01E+05
7.22E+04
6.37E+04
6.17E+04
6.10E+04
6.08E+04
6.08E+04
1.01E+05
7.20E+04
6.35E+04
6.15E+04
6.08E+04
6.07E+04
6.06E+04
1.01E+05
7.19E+04
6.35E+04
6.15E+04
6.08E+04
6.06E+04
6.06E+04
1.02E+05
7.28E+04
6.44E+04
6.23E+04
6.17E+04
6.15E+04
6.15E+04
7.28E+04
4.39E+04
3.54E+04
3.34E+04
3.28E+04
3.26E+04
3.26E+04
6.44E+04
3.54E+04
2.70E+04
2.50E+04
2.43E+04
2.41E+04
2.41E+04
6.23E+04
3.34E+04
2.50E+04
2.29E+04
2.23E+04
2.21E+04
2.21E+04
6.17E+04
3.28E+04
2.43E+04
2.23E+04
2.16E+04
2.15E+04
2.14E+04
6.15E+04
3.26E+04
2.41E+04
2.21E+04
2.15E+04
2.13E+04
2.12E+04
6.15E+04
3.26E+04
2.41E+04
2.21E+04
2.14E+04
2.12E+04
2.12E+04
1.01E+05
7.19E+04
6.35E+04
6.15E+04
6.08E+04
6.06E+04
6.06E+04
7.19E+04
4.30E+04
3.46E+04
3.26E+04
3.19E+04
3.17E+04
3.17E+04
6.35E+04
3.46E+04
2.61E+04
2.41E+04
2.35E+04
2.33E+04
2.32E+04
6.15E+04
3.26E+04
2.41E+04
2.21E+04
2.14E+04
2.12E+04
2.12E+04
6.08E+04
3.19E+04
2.35E+04
2.14E+04
2.08E+04
2.06E+04
2.06E+04
6.06E+04
3.17E+04
2.33E+04
2.12E+04
2.06E+04
2.04E+04
2.04E+04
6.06E+04
3.17E+04
2.32E+04
2.12E+04
2.06E+04
2.04E+04
2.03E+04
1.04E+05
7.48E+04
6.64E+04
6.44E+04
6.37E+04
6.35E+04
6.35E+04
7.48E+04
4.59E+04
3.75E+04
3.54E+04
3.48E+04
3.46E+04
3.46E+04
6.64E+04
3.75E+04
2.90E+04
2.70E+04
2.64E+04
2.62E+04
2.61E+04
6.44E+04
3.54E+04
2.70E+04
2.50E+04
2.43E+04
2.41E+04
2.41E+04
6.37E+04
3.48E+04
2.64E+04
2.43E+04
2.37E+04
2.35E+04
2.35E+04
6.35E+04
3.46E+04
2.62E+04
2.41E+04
2.35E+04
2.33E+04
2.33E+04
6.35E+04
3.46E+04
2.61E+04
2.41E+04
2.35E+04
2.33E+04
2.32E+04
9.53E+04
6.64E+04
5.79E+04
5.59E+04
5.53E+04
5.51E+04
5.50E+04
6.64E+04
3.75E+04
2.90E+04
2.70E+04
2.64E+04
2.62E+04
2.61E+04
5.79E+04
2.90E+04
2.06E+04
1.86E+04
1.79E+04
1.77E+04
1.77E+04
5.59E+04
2.70E+04
1.86E+04
1.65E+04
1.59E+04
1.57E+04
1.57E+04
5.53E+04
2.64E+04
1.79E+04
1.59E+04
1.52E+04
1.50E+04
1.50E+04
5.51E+04
2.62E+04
1.77E+04
1.57E+04
1.50E+04
1.49E+04
1.48E+04
5.50E+04
2.61E+04
1.77E+04
1.57E+04
1.50E+04
1.48E+04
1.48E+04
9.26E+04
6.37E+04
5.53E+04
5.32E+04
5.26E+04
5.24E+04
5.24E+04
6.37E+04
3.48E+04
2.64E+04
2.43E+04
2.37E+04
2.35E+04
2.35E+04
5.53E+04
2.64E+04
1.79E+04
1.59E+04
1.52E+04
1.50E+04
1.50E+04
5.32E+04
2.43E+04
1.59E+04
1.38E+04
1.32E+04
1.30E+04
1.30E+04
5.26E+04
2.37E+04
1.52E+04
1.32E+04
1.26E+04
1.24E+04
1.23E+04
5.24E+04
2.35E+04
1.50E+04
1.30E+04
1.24E+04
1.22E+04
1.22E+04
5.24E+04
2.35E+04
1.50E+04
1.30E+04
7.22E+04
6.37E+04
6.10E+04
6.08E+04
1.01E+05
6.17E+04
6.08E+04
7.20E+04
6.35E+04
6.08E+04
6.07E+04
1.01E+05
6.15E+04
6.06E+04
1.12E+05
1.04E+05
1.01E+05
1.01E+05
1.41E+05
1.02E+05
1.01E+05
7.28E+04
6.44E+04
6.17E+04
6.15E+04
1.02E+05
6.23E+04
6.15E+04
7.19E+04
6.35E+04
6.08E+04
6.06E+04
1.01E+05
6.15E+04
6.06E+04
8.33E+04
7.48E+04
7.22E+04
7.20E+04
1.12E+05
7.28E+04
7.19E+04
7.48E+04
6.64E+04
6.37E+04
6.35E+04
1.04E+05
6.44E+04
6.35E+04
4.33E+04
3.48E+04
3.21E+04
3.19E+04
7.22E+04
3.28E+04
3.19E+04
4.31E+04
3.46E+04
3.19E+04
3.18E+04
7.20E+04
3.26E+04
3.17E+04
8.33E+04
7.48E+04
7.22E+04
7.20E+04
1.12E+05
7.28E+04
7.19E+04
4.39E+04
3.54E+04
3.28E+04
3.26E+04
7.28E+04
3.34E+04
3.26E+04
4.30E+04
3.46E+04
3.19E+04
3.17E+04
7.19E+04
3.26E+04
3.17E+04
5.44E+04
4.59E+04
4.33E+04
4.31E+04
8.33E+04
4.39E+04
4.30E+04
4.59E+04
3.75E+04
3.48E+04
3.46E+04
7.48E+04
3.54E+04
3.46E+04
3.48E+04
2.64E+04
2.37E+04
2.35E+04
6.37E+04
2.43E+04
2.35E+04
3.46E+04
2.62E+04
2.35E+04
2.33E+04
6.35E+04
2.41E+04
2.33E+04
7.48E+04
6.64E+04
6.37E+04
6.35E+04
1.04E+05
6.44E+04
6.35E+04
3.54E+04
2.70E+04
2.43E+04
2.41E+04
6.44E+04
2.50E+04
2.41E+04
3.46E+04
2.61E+04
2.35E+04
2.33E+04
6.35E+04
2.41E+04
2.32E+04
4.59E+04
3.75E+04
3.48E+04
3.46E+04
7.48E+04
3.54E+04
3.46E+04
3.75E+04
2.90E+04
2.64E+04
2.62E+04
6.64E+04
2.70E+04
2.61E+04
3.28E+04
2.43E+04
2.16E+04
2.15E+04
6.17E+04
2.23E+04
2.14E+04
3.26E+04
2.41E+04
2.15E+04
2.13E+04
6.15E+04
2.21E+04
2.12E+04
7.28E+04
6.44E+04
6.17E+04
6.15E+04
1.02E+05
6.23E+04
6.15E+04
3.34E+04
2.50E+04
2.23E+04
2.21E+04
6.23E+04
2.29E+04
2.21E+04
3.26E+04
2.41E+04
2.14E+04
2.12E+04
6.15E+04
2.21E+04
2.12E+04
4.39E+04
3.54E+04
3.28E+04
3.26E+04
7.28E+04
3.34E+04
3.26E+04
3.54E+04
2.70E+04
2.43E+04
2.41E+04
6.44E+04
2.50E+04
2.41E+04
3.21E+04
2.37E+04
2.10E+04
2.08E+04
6.10E+04
2.16E+04
2.08E+04
3.19E+04
2.35E+04
2.08E+04
2.06E+04
6.08E+04
2.15E+04
2.06E+04
7.22E+04
6.37E+04
6.10E+04
6.08E+04
1.01E+05
6.17E+04
6.08E+04
3.28E+04
2.43E+04
2.16E+04
2.15E+04
6.17E+04
2.23E+04
2.14E+04
3.19E+04
2.35E+04
2.08E+04
2.06E+04
6.08E+04
2.14E+04
2.06E+04
4.33E+04
3.48E+04
3.21E+04
3.19E+04
7.22E+04
3.28E+04
3.19E+04
3.48E+04
2.64E+04
2.37E+04
2.35E+04
6.37E+04
2.43E+04
2.35E+04
3.19E+04
2.35E+04
2.08E+04
2.06E+04
6.08E+04
2.15E+04
2.06E+04
3.18E+04
2.33E+04
2.06E+04
2.04E+04
6.07E+04
2.13E+04
2.04E+04
7.20E+04
6.35E+04
6.08E+04
6.07E+04
1.01E+05
6.15E+04
6.06E+04
3.26E+04
2.41E+04
2.15E+04
2.13E+04
6.15E+04
2.21E+04
2.12E+04
3.17E+04
2.33E+04
2.06E+04
2.04E+04
6.06E+04
2.12E+04
2.04E+04
4.31E+04
3.46E+04
3.19E+04
3.18E+04
7.20E+04
3.26E+04
3.17E+04
3.46E+04
2.62E+04
2.35E+04
2.33E+04
6.35E+04
2.41E+04
2.33E+04
3.19E+04
2.35E+04
2.08E+04
2.06E+04
6.08E+04
2.14E+04
2.06E+04
3.17E+04
2.33E+04
2.06E+04
2.04E+04
6.06E+04
2.12E+04
2.04E+04
7.19E+04
6.35E+04
6.08E+04
6.06E+04
1.01E+05
6.15E+04
6.06E+04
3.26E+04
2.41E+04
2.14E+04
2.12E+04
6.15E+04
2.21E+04
2.12E+04
3.17E+04
2.32E+04
2.06E+04
2.04E+04
6.06E+04
2.12E+04
2.03E+04
4.30E+04
3.46E+04
3.19E+04
3.17E+04
7.19E+04
3.26E+04
3.17E+04
3.46E+04
2.61E+04
2.35E+04
2.33E+04
6.35E+04
2.41E+04
2.32E+04
6.10E+04
5.26E+04
4.99E+04
4.97E+04
8.99E+04
5.06E+04
4.97E+04
6.08E+04
5.24E+04
4.97E+04
4.95E+04
8.98E+04
5.04E+04
4.95E+04
1.01E+05
9.26E+04
8.99E+04
8.98E+04
1.30E+05
9.06E+04
8.97E+04
6.17E+04
5.32E+04
5.06E+04
5.04E+04
9.06E+04
5.12E+04
5.03E+04
6.08E+04
5.24E+04
4.97E+04
4.95E+04
8.97E+04
5.03E+04
4.95E+04
7.22E+04
6.37E+04
6.10E+04
6.08E+04
1.01E+05
6.17E+04
6.08E+04
6.37E+04
5.53E+04
5.26E+04
5.24E+04
9.26E+04
5.32E+04
5.24E+04
3.21E+04
2.37E+04
2.10E+04
2.08E+04
6.10E+04
2.16E+04
2.08E+04
3.19E+04
2.35E+04
2.08E+04
2.06E+04
6.08E+04
2.15E+04
2.06E+04
7.22E+04
6.37E+04
6.10E+04
6.08E+04
1.01E+05
6.17E+04
6.08E+04
3.28E+04
2.43E+04
2.16E+04
2.15E+04
6.17E+04
2.23E+04
2.14E+04
3.19E+04
2.35E+04
2.08E+04
2.06E+04
6.08E+04
2.14E+04
2.06E+04
4.33E+04
3.48E+04
3.21E+04
3.19E+04
7.22E+04
3.28E+04
3.19E+04
3.48E+04
2.64E+04
2.37E+04
2.35E+04
6.37E+04
2.43E+04
2.35E+04
2.37E+04
1.52E+04
1.26E+04
1.24E+04
5.26E+04
1.32E+04
1.23E+04
2.35E+04
1.50E+04
1.24E+04
1.22E+04
5.24E+04
1.30E+04
1.22E+04
6.37E+04
5.53E+04
5.26E+04
5.24E+04
9.26E+04
5.32E+04
5.24E+04
2.43E+04
1.59E+04
1.32E+04
1.30E+04
5.32E+04
1.38E+04
1.30E+04
2.35E+04
1.50E+04
1.23E+04
1.22E+04
5.24E+04
1.30E+04
1.21E+04
3.48E+04
2.64E+04
2.37E+04
2.35E+04
6.37E+04
2.43E+04
2.35E+04
2.64E+04
1.79E+04
1.52E+04
1.50E+04
5.53E+04
1.59E+04
1.50E+04
2.16E+04
1.32E+04
1.05E+04
1.03E+04
5.06E+04
1.12E+04
1.03E+04
2.15E+04
1.30E+04
1.03E+04
1.01E+04
5.04E+04
1.10E+04
1.01E+04
6.17E+04
5.32E+04
5.06E+04
5.04E+04
9.06E+04
5.12E+04
5.03E+04
2.23E+04
1.38E+04
1.12E+04
1.10E+04
5.12E+04
1.18E+04
1.09E+04
2.14E+04
1.30E+04
1.03E+04
1.01E+04
5.03E+04
1.09E+04
1.01E+04
3.28E+04
2.43E+04
2.16E+04
2.15E+04
6.17E+04
2.23E+04
2.14E+04
2.43E+04
1.59E+04
1.32E+04
1.30E+04
5.32E+04
1.38E+04
1.30E+04
2.10E+04
1.26E+04
9.88E+03
9.70E+03
4.99E+04
1.05E+04
9.66E+03
2.08E+04
1.24E+04
9.70E+03
9.51E+03
4.97E+04
1.03E+04
9.47E+03
6.10E+04
5.26E+04
4.99E+04
4.97E+04
8.99E+04
5.06E+04
4.97E+04
2.16E+04
1.32E+04
1.05E+04
1.03E+04
5.06E+04
1.12E+04
1.03E+04
2.08E+04
1.23E+04
9.66E+03
9.47E+03
4.97E+04
1.03E+04
9.44E+03
3.21E+04
2.37E+04
2.10E+04
2.08E+04
6.10E+04
2.16E+04
2.08E+04
2.37E+04
1.52E+04
1.26E+04
1.24E+04
5.26E+04
1.32E+04
1.23E+04
2.08E+04
1.24E+04
9.70E+03
9.51E+03
4.97E+04
1.03E+04
9.47E+03
2.06E+04
1.22E+04
9.51E+03
9.32E+03
4.95E+04
1.01E+04
9.29E+03
6.08E+04
5.24E+04
4.97E+04
4.95E+04
8.98E+04
5.04E+04
4.95E+04
2.15E+04
1.30E+04
1.03E+04
1.01E+04
5.04E+04
1.10E+04
1.01E+04
2.06E+04
1.22E+04
9.47E+03
9.29E+03
4.95E+04
1.01E+04
9.25E+03
3.19E+04
2.35E+04
2.08E+04
2.06E+04
6.08E+04
2.15E+04
2.06E+04
2.35E+04
1.50E+04
1.24E+04
1.22E+04
5.24E+04
1.30E+04
1.22E+04
1.70E+05
5.44E+04
2.06E+04
1.24E+04
9.88E+03
9.13E+03
9.00E+03
