89322.70867692307
58318.68258461538
50922.68504615385
50990.33993846154
58319.17883076924
22333.762166153843
19220.032590769228
18910.143409230768
50922.68504615385
19219.977452307692
12239.657747692307
12248.29243076923
50990.33993846154
18910.04967384615
12248.198695384614
12247.840295384616
85855.65735384615
58251.027692307696
48056.4224
47937.98498461538
58251.52393846154
23306.856763076925
19029.52369230769
19135.70934153846
48056.58781538461
19029.529206153846
9879.477956923078
9824.41668923077
47937.98498461538
19135.610092307692
9824.317439999999
9551.106363076922
122973.54633846153
96998.8096
85855.65735384615
85159.80996923077
96999.8020923077
62413.70584615384
58251.52393846154
58080.53956923076
85856.1536
58251.52393846154
48056.03643076923
47937.76443076923
85159.80996923077
58080.594707692304
47937.433600000004
47002.78153846154
85159.36886153846
58080.04332307693
47937.543876923075
47003.11236923077
58080.594707692304
22463.078400000002
19135.417107692305
18830.47936
47937.76443076923
19135.516356923075
9824.267815384615
9551.161501538461
47003.11236923077
18830.330486153845
9551.06225230769
8678.854498461538
88101.66744615385
57918.98387692307
50180.85218461538
50584.245169230766
57919.48012307692
22902.27830153846
19242.815803076923
18798.71409230769
50181.403569230766
19242.815803076923
11823.505723076923
11918.498264615386
50584.245169230766
18798.620356923075
11918.34939076923
11925.374030769231
85415.0459076923
57985.86683076923
47552.62227692308
48118.39803076924
57986.36307692308
23737.041526153844
18991.24105846154
18952.96945230769
47552.7876923077
18991.18592
9462.719409230769
9776.584073846154
48118.39803076924
18952.870203076924
9776.484824615385
9748.479999999998
123097.22190769229
96270.81649230771
85415.0459076923
86100.74781538463
96271.80898461539
62650.36012307691
57985.86683076923
57768.01476923077
85415.54215384615
57985.86683076923
47552.18116923077
48118.122338461544
86100.74781538463
57767.46338461539
48117.90178461538
47957.17316923078
86100.25156923078
57767.51852307692
48117.95692307693
47957.44886153846
57768.01476923077
22972.850018461533
18952.671704615383
18624.01339076923
48118.232615384615
18952.721329230768
9776.380061538463
9748.479999999998
47957.39372307692
18623.919655384616
9748.38075076923
9535.904689230769
125071.2891076923
94420.92110769231
88101.66744615385
88991.0508307692
94421.9136
59691.520000000004
57919.48012307692
57083.19507692307
88102.16369230769
57919.48012307692
50180.90732307692
50583.74892307693
88991.0508307692
57083.19507692307
50583.74892307693
50642.41624615385
123096.72566153847
96270.87163076925
85414.99076923076
86100.74781538463
96271.31273846155
62650.36012307691
57986.36307692308
57767.95963076923
85415.54215384615
57986.36307692308
47552.567138461534
48118.39803076924
86100.74781538463
57767.95963076923
48118.0672
47957.33858461538
160384.66166153847
131992.65476923078
123096.72566153847
123107.20196923075
131993.5921230769
97090.44972307692
96270.81649230771
95923.71987692309
123097.7732923077
96270.87163076925
85414.54966153845
86100.25156923078
123107.20196923075
95923.22363076924
86099.75532307693
85054.55064615385
123105.71323076924
95922.7273846154
86099.70018461539
85055.54313846154
95923.71987692309
60276.75963076924
57767.46338461539
