701.96
371.42879999999997
364.5736
367.75239999999997
371.648
79.5656
75.06439999999999
85.47959999999999
364.4476
75.064
59.472
60.3416
368.18440000000004
85.10520000000001
60.2808
60.284
693.8919999999999
372.7176
362.4224
365.9676
372.0372
82.554
78.0964
96.18799999999999
362.398
78.3108
53.6188
53.498000000000005
365.9704
96.3144
53.694399999999995
52.0968
844.38
708.1560000000001
693.672
694.96
708.352
349.29040000000003
372.88120000000004
368.0372
691.064
373.1024
362.08279999999996
365.98720000000003
694.424
384.73879999999997
366.4332
358.5464
697.14
385.20239999999995
366.05440000000004
359.51160000000004
384.5888
93.0192
96.2524
88.074
366.00559999999996
95.92200000000001
53.4868
52.0972
359.50160000000005
88.1584
52.0928
48.243599999999994
700.076
379.9304
368.6756
373.6596
380.0208
83.10079999999999
77.872
92.9312
369.228
77.8708
61.9504
60.772
373.66
92.7772
60.4608
59.2192
665.788
374.0432
361.3032
366.1556
374.45959999999997
81.0476
79.4212
100.8172
361.8732
79.76520000000001
53.9088
54.1532
366.1572
100.9984
54.144
53.1496
899.212
706.448
666.56
703.3639999999999
705.612
363.9028
374.3132
377.32559999999995
670.216
374.33
361.4864
366.2924
704.084
406.816
368.18080000000003
362.916
704.2360000000001
406.49199999999996
367.2232
362.8988
406.848
105.936
100.8372
93.8876
364.7908
100.70280000000001
54.1364
53.151199999999996
362.9004
93.7676
53.18600000000001
52.26
1048.708
731.0160000000001
694.288
708.7639999999999
729.456
393.594
370.48080000000004
346.1604
700.9839999999999
373.8284
357.1468
366.384
708.7639999999999
354.7432
365.9824
359.86080000000004
899.0880000000001
706.0880000000001
666.2280000000001
704.204
704.8439999999999
342.538
361.8772
401.56
666.916
370.5948
361.62879999999996
348.2928
704.204
387.67040000000003
360.94559999999996
355.2936
1153.532
1058.296
899.232
827.9639999999999
1058.392
731.7360000000001
706.448
592.0
900.452
705.9
665.232
705.3919999999999
821.46
684.908
704.6439999999999
604.632
827.7639999999999
686.268
704.2439999999999
605.452
693.404
353.1868
401.04400000000004
