788.512
434.556
475.42
443.292
390.5804
378.0808
411.352
434.3
197.3448
208.2628
204.78439999999998
176.8276
158.96040000000002
171.5788
469.952
208.0752
198.8284
182.40560000000002
159.1024
153.1192
218.24560000000002
443.38800000000003
204.2416
182.4312
185.688
171.0268
209.74200000000002
288.2276
393.29760000000005
176.8324
159.1004
171.0216
165.49200000000002
167.5456
295.08639999999997
378.126
158.96120000000002
153.428
209.61720000000003
167.5176
146.3
203.9572
411.352
171.5768
216.91240000000002
289.9096
294.9248
200.81279999999998
160.0436
834.12
469.784
457.476
466.43199999999996
415.00800000000004
411.376
447.19199999999995
469.82
208.2396
199.86360000000002
182.4332
158.446
153.122
220.952
456.036
198.78799999999998
150.4388
147.9552
131.5348
122.27600000000001
163.3424
465.564
182.4436
147.9572
147.126
137.1776
151.6264
202.2348
414.95599999999996
158.444
131.4784
137.178
132.3932
136.6132
208.7848
407.704
153.40879999999999
122.4684
151.2764
136.6872
123.5516
181.25119999999998
449.392
219.9228
162.8472
204.5544
207.94240000000002
181.5704
161.05200000000002
820.1439999999999
390.30199999999996
413.19599999999997
434.788
414.46
449.788
531.472
390.208
176.826
158.226
171.02560000000003
165.50639999999999
167.6468
293.2104
414.07199999999995
158.44719999999998
131.5324
137.1776
132.39600000000002
137.0684
209.93759999999997
435.204
171.03240000000002
137.10559999999998
142.41719999999998
141.04399999999998
156.2092
212.326
413.844
165.512
132.3956
141.3592
143.6416
148.59879999999998
226.5788
448.66
167.64520000000002
136.4288
156.1252
148.6696
144.5616
207.50959999999998
528.02
295.4984
210.544
213.5156
225.68400000000003
208.104
215.104
791.46
377.9764
411.404
453.44800000000004
448.86800000000005
391.1164
479.436
377.92080000000004
158.9528
153.5084
208.94799999999998
167.5376
146.3132
201.5168
411.39599999999996
153.316
122.53280000000001
151.454
136.47879999999998
123.4472
181.22639999999998
453.48800000000006
210.5648
150.9792
160.68280000000001
156.2276
150.0028
190.054
448.664
167.62720000000002
135.79399999999998
156.0768
148.668
144.5628
205.85240000000002
391.1172
146.3124
122.476
150.35479999999998
144.99040000000002
132.484
175.33360000000002
478.32
202.9016
181.56
186.3432
205.4896
175.4484
178.6464
1267.748
788.9639999999999
834.132
896.824
820.1439999999999
793.3760000000001
787.828
785.6439999999999
435.336
471.468
443.712
390.23839999999996
378.092
411.532
834.1239999999999
469.708
458.51199999999994
465.51599999999996
413.892
411.392
448.724
896.836
441.536
465.51599999999996
494.8
434.784
453.48
473.776
820.16
390.57800000000003
414.19199999999995
437.42400000000004
412.296
448.86
534.16
793.3839999999999
378.09
411.404
453.436
449.80400000000003
391.1168
479.38
787.972
411.296
448.952
471.348
531.528
479.19599999999997
415.976
896.836
441.656
465.532
494.45599999999996
435.164
453.50800000000004
499.684
441.54400000000004
204.22799999999998
182.43200000000002
185.6868
171.032
210.298
288.1996
465.564
182.4452
147.95680000000002
147.136
137.1784
150.9728
199.43439999999998
494.464
185.6952
147.1312
152.17680000000001
142.1244
160.31719999999999
176.604
435.42400000000004
171.0348
137.178
142.418
141.04399999999998
156.2108
213.1404
453.51199999999994
210.2072
151.3724
160.4484
156.1556
150.49360000000001
183.7452
499.44800000000004
288.3576
199.916
177.8912
215.266
189.89880000000002
189.7764
787.9680000000001
411.56800000000004
448.168
499.55199999999996
531.236
479.276
416.17199999999997
411.32800000000003
171.52880000000002
219.4272
286.7412
295.5272
201.8996
160.0556
449.376
219.87599999999998
164.7604
202.0864
209.7332
181.83360000000002
159.414
499.88800000000003
288.592
198.8436
190.2132
212.9952
190.06599999999997
187.5552
528.024
295.6128
209.45680000000002
203.5472
226.30599999999998
207.7664
214.074
478.316
202.1108
181.7616
189.79080000000002
208.38479999999998
175.3504
177.22639999999998
416.17199999999997
160.0532
159.9196
178.25279999999998
212.90400000000002
178.86599999999999
147.7928
834.12
469.76800000000003
457.14
466.42800000000005
413.93199999999996
411.38
447.18800000000005
469.82800000000003
208.3464
198.8284
182.43040000000002
159.10479999999998
153.46
219.3616
456.032
199.78560000000002
150.4256
147.9544
131.5332
122.508
163.68040000000002
465.56800000000004
182.4456
147.9556
147.1068
137.1036
151.45680000000002
197.4552
414.99199999999996
158.4776
131.5324
137.1864
131.9656
135.7268
209.4572
411.376
153.4372
122.5332
151.7824
136.004
124.7696
181.70759999999999
447.19199999999995
221.3664
163.5384
197.9648
209.3968
181.732
159.162
767.852
457.476
422.46
412.848
381.19160000000005
365.282
386.69440000000003
456.028
199.7568
150.4432
147.9556
131.5352
122.5072
164.65240000000003
422.54
150.436
101.0344
106.2432
92.00200000000001
83.1392
88.9908
412.98800000000006
147.9584
106.2464
100.3812
90.834
83.92
94.5952
381.19120000000004
131.4812
92.00200000000001
90.8204
88.26360000000001
85.4768
112.8704
365.2888
122.5068
83.1384
84.00200000000001
84.9604
79.706
96.17040000000001
386.7
163.5532
86.962
94.5668
111.7572
95.76360000000001
85.2632
803.5
413.444
380.7924
399.49440000000004
391.0964
388.23879999999997
408.00800000000004
413.92400000000004
159.1032
131.98239999999998
137.1776
132.3956
136.6156
208.842
381.1908
131.5352
92.0016
90.8336
88.38719999999999
84.5644
112.08
400.31199999999995
137.178
90.82440000000001
91.2312
85.58239999999999
83.0792
102.82959999999999
390.9396
132.3976
88.38719999999999
85.7324
88.43639999999999
81.6004
107.80959999999999
388.2404
136.7696
85.4976
83.1664
83.4792
81.2008
101.3732
412.54400000000004
209.44799999999998
113.0052
103.9956
390.208
413.92400000000004
414.46
448.68
820.1439999999999
435.14
531.248
377.92080000000004
411.39599999999996
448.86
391.12160000000006
791.456
453.476
479.26800000000003
785.6439999999999
834.1239999999999
820.16
793.38
1267.752
896.832
787.9680000000001
441.54400000000004
465.55199999999996
435.204
454.94800000000004
896.84
494.56800000000004
499.964
411.32800000000003
449.37199999999996
531.244
479.48
787.972
499.84
415.86
434.3
469.82800000000003
393.29760000000005
378.1168
787.632
441.57199999999995
411.532
469.82
456.028
412.86
410.036
834.1239999999999
465.56800000000004
447.18800000000005
176.826
159.1032
165.50119999999998
167.5472
390.2392
171.02880000000002
295.5376
158.9528
150.912
167.53279999999998
146.3
377.99480000000005
210.6808
202.56799999999998
435.336
469.892
390.20480000000003
378.17
788.9639999999999
441.532
411.704
204.22799999999998
182.44080000000002
171.0316
210.2588
443.036
185.69080000000002
286.25919999999996
171.52880000000002
217.3648
296.0232
202.2976
411.32
288.04240000000004
160.0412
197.3448
208.3464
176.8308
158.9588
437.716
204.2372
171.57080000000002
208.2396
199.7568
158.4776
153.4596
471.464
182.4452
219.03599999999997
158.226
131.98239999999998
131.9648
136.6872
413.19599999999997
137.186
210.1756
153.5084
122.53200000000001
136.004
121.58
408.38800000000003
151.576
181.74759999999998
471.468
458.51599999999996
414.08
411.408
834.1239999999999
466.404
448.952
182.43200000000002
147.9552
137.1776
151.46959999999999
466.42400000000004
147.12879999999998
201.1084
219.4272
164.84759999999997
210.078
181.7968
448.176
199.41400000000002
160.2844
208.2628
198.8284
159.1004
151.188
470.884
182.43040000000002
217.28599999999997
199.86360000000002
150.4432
131.5332
122.5336
457.14
147.95600000000002
166.7204
171.02560000000003
137.1776
141.3536
156.0808
435.476
143.2972
205.0548
208.94799999999998
151.6352
155.7948
150.2972
453.44800000000004
160.7008
189.90919999999997
443.712
465.528
434.784
453.472
896.82
494.472
499.784
185.6868
147.12959999999998
142.418
160.4484
493.02
151.874
189.232
287.2384
198.362
204.838
190.0384
492.46
192.12959999999998
187.5828
204.78439999999998
182.43040000000002
171.02759999999998
210.16639999999998
444.2
185.68439999999998
287.77279999999996
182.4332
147.9556
137.1776
151.6
466.42800000000005
147.12959999999998
199.56759999999997
165.50639999999999
132.3956
143.6408
148.67079999999999
414.46
141.04319999999998
212.93720000000002
167.5376
136.9008
148.6684
144.9908
448.86
156.0644
203.196
390.23839999999996
414.92800000000005
414.46
448.68
826.5
436.06800000000004
531.248
171.032
137.1784
141.04399999999998
156.21280000000002
435.164
142.1244
204.3348
295.5272
210.1124
212.1736
203.09720000000002
531.236
204.532
205.26319999999998
176.8276
159.10479999999998
165.5048
167.592
390.20599999999996
171.03040000000001
295.0104
158.446
131.5352
132.39600000000002
136.4288
414.07199999999995
137.1784
210.4512
167.6468
136.6156
148.5984
144.5724
449.788
156.0868
203.0744
146.3132
123.5432
144.5624
132.4852
391.1168
150.3244
174.84759999999997
378.092
411.384
448.74800000000005
390.9552
791.432
453.49199999999996
478.31199999999995
210.298
151.4212
156.0868
150.3836
453.50800000000004
160.1156
189.9416
201.8996
181.84799999999998
202.856
175.2948
479.276
190.06119999999999
178.768
158.96040000000002
153.46
167.63400000000001
146.3124
378.0948
210.00599999999997
205.01080000000002
153.122
122.5072
136.7696
123.28399999999999
410.028
151.41559999999998
181.532
293.2104
208.842
213.192
203.0744
532.936
205.1132
205.49040000000002
201.5168
181.45
203.18439999999998
175.4968
478.324
190.00799999999998
178.97119999999998
411.532
447.18800000000005
532.476
478.316
788.544
485.036
415.92400000000004
288.1996
199.8468
205.2572
189.9924
477.944
190.3316
188.7884
160.0556
160.36
205.31119999999999
179.1352
416.17199999999997
188.67880000000002
147.8004
171.5788
219.3616
296.57
194.9172
411.536
287.51599999999996
160.0552
220.952
164.65240000000003
209.916
181.22639999999998
449.10400000000004
201.0392
160.2484
413.844
390.9396
484.296
432.80400000000003
718.252
421.324
414.86400000000003
448.664
388.0212
434.936
440.152
943.972
391.3352
427.38
820.16
803.528
970.068
943.972
1472.892
877.284
883.2080000000001
435.42400000000004
400.9
420.80400000000003
390.71
877.284
421.34
399.64279999999997
528.024
412.528
414.86400000000003
427.38
883.2080000000001
389.25239999999997
418.096
393.29760000000005
414.99199999999996
413.84
448.66
820.164
435.42
528.02
414.95599999999996
381.19120000000004
390.94199999999995
388.2424
803.5319999999999
400.184
412.548
165.512
132.3976
143.644
148.5972
413.96
141.0448
213.078
167.62720000000002
135.41
148.6712
144.9956
448.74800000000005
156.2148
202.8032
390.57800000000003
415.00800000000004
413.836
448.664
820.148
435.168
528.024
171.0348
137.0992
141.3676
156.086
435.42
142.26239999999999
204.558
295.6128
210.05599999999998
212.93
203.3572
528.024
204.4188
205.4084
176.8324
158.4776
165.512
167.6432
393.28839999999997
171.0336
296.5724
158.444
131.4812
132.3988
137.0684
414.99199999999996
137.0992
208.842
132.3956
88.38719999999999
87.95
83.4768
390.93839999999994
85.41760000000001
108.1048
135.79399999999998
85.4768
83.47959999999999
81.2
389.3304
83.166
100.5448
414.19199999999995
380.7908
389.2944
386.3728
803.4680000000001
398.7032
412.50800000000004
137.178
90.8048
85.59120000000001
83.17200000000001
399.62839999999994
91.834
103.8956
209.45680000000002
111.34120000000001
108.8124
100.5684
412.51599999999996
101.5
106.2572
159.1004
131.5324
131.968
136.47879999999998
413.60400000000004
137.1776
209.6564
131.4784
92.00200000000001
88.38719999999999
85.4976
381.1896
90.80680000000001
111.37280000000001
141.3592
85.7324
68.1688
64.5328
417.548
69.35600000000001
68.9864
156.0768
83.0564
64.50359999999999
65.098
391.49120000000005
66.6124
69.0496
436.776
402.092
422.884
394.6096
878.308
420.73199999999997
368.5136
142.418
91.23479999999999
69.5244
66.6488
413.38800000000003
72.578
66.4532
202.8552
104.2256
68.7744
69.0488
362.7744
66.2072
64.8016
171.0216
137.1864
141.96
156.1988
441.384
143.2952
205.3064
137.178
90.8204
85.7256
83.0572
397.9296
91.2136
100.652
143.6416
88.43639999999999
62.2008
61.7312
459.292
68.1712
59.791199999999996
148.668
83.4804
61.7284
60.0104
440.616
64.4108
58.9208
412.296
391.3432
485.024
434.912
974.992
424.94
417.564
141.04399999999998
85.41799999999999
68.1708
64.3628
418.532
69.5652
68.8824
226.4748
107.26
59.787600000000005
58.9204
419.264
68.75
58.4088
165.49200000000002
131.9656
142.9744
148.66639999999998
414.352
141.3536
213.0488
132.3932
88.26360000000001
87.88959999999999
83.4804
388.57
85.72840000000001
109.0676
148.59879999999998
81.6004
61.733999999999995
60.0116
442.064
63.876000000000005
59.0664
144.5628
81.2012
60.0116
60.434799999999996
441.04
62.4468
58.904799999999994
448.86
388.20480000000003
433.184
440.148
943.028
391.9532
427.38
156.2108
83.1744
64.366
62.444399999999995
389.8464
66.524
69.194
208.25240000000002
101.52959999999999
59.0644
58.904799999999994
427.38
69.1808
58.873999999999995
167.5456
135.7268
148.67079999999999
144.99360000000001
448.856
156.1252
203.3228
136.6132
85.4768
83.4764
81.2
389.5328
83.16959999999999
99.82879999999999
1996.264
197.3448
101.0344
79.0932
62.2008
59.8952
61.3904
